Test fold index: 0
	Train: 66.66%
	Test:  33.339999999999996%
	Accuracy: 0.9824607329842932
Test fold index: 1
	Train: 66.67%
	Test:  33.33%
	Accuracy: 0.9825916230366493
Test fold index: 2
	Train: 66.67%
	Test:  33.33%
	Accuracy: 0.9802356020942409
