Test fold index: 0
	Train: 50.0%
	Test:  50.0%
	Accuracy: 0.872887323943662
Test fold index: 1
	Train: 50.0%
	Test:  50.0%
	Accuracy: 0.8915492957746479
