Test fold index: 0
	Train: 50.0%
	Test:  50.0%
	Accuracy: 0.9702879581151832
Test fold index: 1
	Train: 50.0%
	Test:  50.0%
	Accuracy: 0.9696335078534032
