Test fold index: 0
	Train: 66.22%
	Test:  33.78%
	Accuracy: 0.9391891891891891
Test fold index: 1
	Train: 66.89%
	Test:  33.11%
	Accuracy: 0.9459459459459459
Test fold index: 2
	Train: 66.89%
	Test:  33.11%
	Accuracy: 0.9527027027027027
