Test fold index: 0
	Train: 75.0%
	Test:  25.0%
	Accuracy: 0.9257042253521127
Test fold index: 1
	Train: 75.0%
	Test:  25.0%
	Accuracy: 0.9221830985915493
Test fold index: 2
	Train: 75.0%
	Test:  25.0%
	Accuracy: 0.9257042253521127
Test fold index: 3
	Train: 75.0%
	Test:  25.0%
	Accuracy: 0.921830985915493
