Test fold index: 0
	Train: 66.64999999999999%
	Test:  33.35%
	Accuracy: 0.9080985915492957
Test fold index: 1
	Train: 66.64999999999999%
	Test:  33.35%
	Accuracy: 0.9035211267605634
Test fold index: 2
	Train: 66.69%
	Test:  33.31%
	Accuracy: 0.9024647887323943
