Test fold index: 0
	Train: 50.0%
	Test:  50.0%
	Accuracy: 0.7091549295774648
Test fold index: 1
	Train: 50.0%
	Test:  50.0%
	Accuracy: 0.6926056338028169
