Test fold index: 0
	Train: 66.64999999999999%
	Test:  33.35%
	Accuracy: 0.706338028169014
Test fold index: 1
	Train: 66.64999999999999%
	Test:  33.35%
	Accuracy: 0.7066901408450704
Test fold index: 2
	Train: 66.69%
	Test:  33.31%
	Accuracy: 0.7045774647887324
