Test fold index: 0
	Train: 50.0%
	Test:  50.0%
	Accuracy: 0.831081081081081
Test fold index: 1
	Train: 50.0%
	Test:  50.0%
	Accuracy: 0.8581081081081081
