Test fold index: 0
	Train: 50.0%
	Test:  50.0%
	Accuracy: 0.756806282722513
Test fold index: 1
	Train: 50.0%
	Test:  50.0%
	Accuracy: 0.7586387434554974
